21140
21140
21140
21140
21140
21140
21140
21140
21140
21140
21140
21140
21140
21140
21140
21140
21140
21140
21140
21140
21140
21140
21140
21140
21140
21140
21140
21140
21140
21140
21140
21140
21140
21140
21140
21140
21140
21140
21140
21140
21140
21140
21140
21140
21140
21140
21140
21140
21140
21140
21140
21140
21140
21140
21140
21140
21140
21140
21140
21140
21140
21140
21140
21140
21140
21140
21140
21140
21140
20958
20958
20958
20958
20958
20958
20958
20958
20958
20958
20958
20958
20958
20958
20958
20958
20958
20958
20958
20958
20958
20958
20958
20958
20958
20958
20958
20958
20958
20958
20958
20958
20958
20958
20958
20958
20958
20958
20958
20958
20958
20958
20958
20958
20958
20958
20958
20958
20958
20958
20958
20958
20958
20958
20958
20958
20958
20958
20958
20958
20958
20958
20958
20958
20958
20958
20958
20958
20958
20958
20958
20958
20958
20958
20958
20958
20958
20958
20958
20958
20958
20958
20958
20958
20958
20958
20958
20958
20958
20958
20958
20958
20958
20958
20958
20958
20958
20958
20958
20958
20958
20958
20958
20958
20958
20958
20958
20958
20958
20958
20958
20958
20958
20958
20958
20958
20958
20958
20958
20958
20958
20958
20958
20958
20958
20958
20958
20958
20958
20958
20958
20958
20958
20958
20958
20958
20958
20958
20958
20958
20958
20958
20958
20958
20958
20958
20958
20958
20958
20958
20958
20958
20958
20958
20958
20958
20958
20958
20958
20958
20958
20958
20958
20958
20958
20958
20958
20958
20958
20958
20958
20958
20958
20958
20958
20958
20958
20958
20958
20958
20958
20958
20958
20958
20958
20958
20958
20958
20958
20958
20958
20958
20958
20958
20958
20958
20958
20958
20958
20958
20958
20958
20958
20958
20958
20958
20958
20958
20958
20958
20958
20958
20958
20958
20958
20958
20958
20958
20958
20958
20958
20958
20958
20958
20958
20958
20958
20958
20958
20958
20958
20958
20958
20958
20958
20958
20949
20831
20831
20831
20831
20831
20831
20831
20831
20831
20831
20831
20831
20831
20831
20831
20831
20831
20831
20831
20831
20831
20831
20831
20831
20831
20824
20824
20824
20824
20824
20790
20790
20790
20790
20790
20790
20790
20790
20790
20790
20790
20790
20790
20790
20790
20790
20790
20790
20790
20790
20790
20790
20790
20790
20790
20790
20790
20790
20790
20790
20790
20790
20790
20790
20790
20790
20790
20790
20790
20790
20790
20790
20790
20790
20790
20790
20790
20790
20790
20688
20688
20688
20688
20688
20688
20688
20688
20688
20688
20688
20688
20688
20688
20688
20688
20688
20688
20688
20688
20688
20688
20688
20688
20688
20688
20688
20688
20688
20688
20688
20688
20688
20688
20688
20688
20688
20688
20688
20688
20688
20688
20688
20688
20688
20688
20688
20688
20688
20688
20688
20688
20688
20688
20688
20688
20688
20688
20688
20688
20688
20688
20688
20688
20688
20688
20688
20688
20688
20688
20688
20688
20688
20688
20688
20688
20688
20688
20688
20688
20688
20688
20688
20688
20688
20688
20688
20688
20688
20688
20688
20688
20688
20688
20688
20688
20688
20688
20688
20688
20688
20688
20688
20688
20688
20688
20688
20688
20688
20688
20688
20688
20688
20688
20688
20688
20688
20688
20688
20688
20688
20688
20688
20688
20688
20688
20688
20688
20688
20688
20662
20662
20662
20662
20662
20662
20662
20662
20662
20662
20662
20509
20509
20509
20509
20509
20509
20509
20509
20509
20509
20509
20509
20509
20509
20509
20509
20509
20509
20509
20509
20509
20509
20509
20509
20509
20509
20509
20509
20509
20509
20509
20509
20509
20509
20509
20509
20509
20467
20467
20467
20467
20467
20467
20467
20467
20467
20467
20467
20467
20467
20467
20467
20467
20467
20431
20431
20431
20431
20431
20431
20431
20431
20431
20431
20431
20431
20431
20431
20431
20431
20431
20389
20389
20389
20389
20389
20389
20389
20389
20389
20389
20389
20389
20389
20389
20389
20389
20389
20370
20370
20317
20317
20317
20317
20317
20317
20317
20317
20317
20317
20230
20230
20230
20230
20230
20230
20230
20230
20230
20230
20080
20080
20080
20080
20080
20080
20080
20080
20080
20080
20080
20080
20080
20080
20080
20080
20080
20080
20080
20080
20080
20080
20080
20080
20080
20080
20080
20080
20080
20080
20080
20080
20080
20080
20080
20080
20080
20080
20080
20080
20080
20080
20080
20080
20080
20080
20080
20080
20080
20080
20080
20080
20080
20080
20070
20070
20070
20070
20070
20070
20070
20070
20070
20070
20070
20070
20070
20070
20070
20070
20070
20070
20070
20070
20070
20070
20024
20024
20024
20024
20024
20024
20024
20024
20024
20024
20024
20024
19982
19982
19982
19982
19982
19982
19982
19982
19982
19982
19982
19982
19982
19945
19945
19945
19945
19945
19945
19917
19917
19917
19917
19844
19844
19844
19735
19735
19735
19735
19735
19735
19735
19735
19735
19622
19622
19622
19622
19622
19622
19622
19622
19572
19572
19572
19572
19572
19556
19443
19443
19443
19443
19443
19443
19443
19443
19443
19443
19443
19443
19443
19438
19438
19438
19438
19438
19438
19438
19438
19438
19438
19438
19438
19438
19438
19438
19438
19438
19438
19438
19438
19438
19438
19438
19438
19438
19438
19284
19284
19284
19284
19265
19265
19265
19265
19195
19195
19195
19195
19195
19195
19195
19195
19195
19195
19195
19195
19195
19195
19195
19195
19145
19145
19145
19145
19145
19145
18915
18915
18915
18915
18915
18915
18915
18915
18915
18915
18915
18915
18915
18915
18915
18915
18915
18915
18915
18915
18915
18915
18915
18915
18915
18915
18915
18915
18915
18915
18915
18915
18915
18915
18915
18915
18915
18915
18915
18915
18915
18915
18915
18915
18915
18915
18915
18915
18915
18915
18915
18915
18915
18915
18915
18915
18915
18915
18915
18915
18915
18915
18915
18915
18915
18915
18915
18762
18762
18762
18762
18762
18762
18762
18762
18762
18762
18762
18762
18762
18762
18703
18703
18703
18703
18703
18703
18703
18703
18703
18703
18703
18703
18703
18703
18703
18688
18688
18688
18688
18688
18688
18688
18688
18688
18688
18688
18688
18688
18688
18688
18688
18688
18688
18688
18482
18482
18408
18408
18408
18408
18408
18408
18408
18408
18408
18408
18408
18408
18408
18408
18408
18408
18408
18408
18408
18408
18408
18408
18408
18408
18408
18408
18408
18408
18408
18408
18408
18408
18408
18408
18408
18408
18408
18408
18408
18408
18408
сrossover1 mutate1 localImprove1
21140
21140
21140
21140
21140
21140
21140
21140
21140
21140
21072
21072
21072
21072
21072
21072
21072
20981
20981
20981
20856
20856
20856
20856
20856
20856
20856
20701
20701
20701
20701
20701
20701
20701
20701
20701
20701
20640
20424
20424
20424
20424
20424
20424
20424
20424
20424
20424
20424
20416
20416
20416
20416
20390
20230
20230
20230
20230
20085
20053
20053
20053
19911
19911
19778
19778
19778
19778
19778
19778
19728
19728
19728
19632
19632
19632
19632
19462
19462
19462
19338
19332
19332
19332
19332
19332
19332
19332
19332
19332
19332
19332
19332
19332
19332
19332
19332
19332
19332
19332
19332
19332
19332
19332
19316
19123
19123
19123
19123
19123
19123
19123
19123
19123
19123
19123
19119
19119
19119
19042
18954
18954
18954
18954
18954
18780
18780
18780
18780
18780
18780
18780
18776
18776
18772
18772
18729
18729
18670
18670
18586
18523
18523
18270
18270
18270
18270
18270
18270
18270
18270
18270
18270
18270
18270
18270
18195
18195
18195
18195
18195
18195
18135
18062
18062
18062
18053
18053
18053
18053
18053
17969
17969
17969
17930
17904
17679
17679
17679
17679
17679
17679
17679
17616
17616
17616
17616
17611
17611
17611
17611
17611
17593
17593
17593
17593
17593
17535
17535
17535
17486
17486
17486
17486
17226
17226
17226
17226
17226
17226
17177
17177
17177
17177
17177
17177
17175
17175
17175
17175
17175
17175
17175
17175
17175
17175
17175
17092
17092
17092
17092
17092
17092
17092
17092
17092
17040
17040
17040
17040
17023
17023
17023
17023
16989
16989
16989
16989
16989
16989
16989
16989
16989
16941
16941
16941
16941
16941
16941
16778
16778
16778
16778
16778
16778
16778
16778
16778
16756
16756
16756
16756
16708
16708
16708
16708
16708
16708
16708
16600
16600
16600
16600
16600
16573
16573
16573
16573
16573
16573
16538
16538
16538
16538
16538
16538
16538
16538
16538
16538
16538
16538
16538
16538
16538
16538
16538
16538
16538
16538
16538
16538
16538
16514
16514
16514
16514
16514
16514
16514
16514
16514
16498
16498
16498
16498
16498
16498
16498
16498
16498
16498
16498
16498
16498
16498
16498
16498
16498
16459
16459
16459
16459
16409
16409
16409
16409
16409
16409
16409
16409
16409
16320
16320
16320
16320
16320
16320
16320
16320
16320
16320
16320
16320
16320
16320
16320
16320
16320
16320
16320
16320
16320
16320
16320
16320
16320
16320
16320
16320
16320
16320
16300
16300
16300
16300
16300
16300
16300
16300
16300
16300
16272
16272
16272
16272
16272
16272
16272
16272
16272
16272
16272
16272
16272
16272
16181
16181
16134
16134
16134
16133
16133
16133
16133
16122
16122
16122
16122
16122
16007
16007
16007
16007
16007
15984
15984
15984
15984
15984
15984
15984
15984
15984
15984
15984
15984
15984
15984
15984
15984
15984
15984
15984
15984
15984
15984
15984
15951
15951
15951
15951
15951
15951
15951
15951
15951
15833
15792
15726
15624
15624
15624
15624
15624
15624
15624
15624
15624
15624
15624
15624
15624
15624
15624
15624
15494
15494
15494
15494
15494
15494
15494
15494
15494
15494
15494
15494
15494
15494
15494
15494
15494
15494
15494
15494
15494
15494
15494
15494
15494
15494
15494
15494
15494
15494
15494
15494
15494
15494
15494
15494
15494
15494
15494
15494
15481
15481
15481
15481
15481
15481
15481
15481
15481
15470
15441
15441
15432
15432
15432
15432
15396
15387
15387
15356
15356
15304
15304
15304
15304
15304
15304
15304
15304
15304
15304
15304
15304
15304
15304
15304
15304
15304
15271
15271
15271
15271
15271
15153
15153
15153
15153
15153
15153
15153
15153
15153
15153
15153
15141
15141
15141
15141
15141
15118
15118
15118
15118
15118
15118
15118
15118
15118
15118
15056
15056
15056
15056
15004
15004
15004
15004
15004
15004
15004
15004
14990
14780
14780
14780
14780
14780
14780
14780
14780
14780
14780
14747
14718
14718
14612
14612
14612
14497
14497
14497
14459
14459
14459
14415
14415
14319
14319
14319
14319
14319
14319
14275
14275
14212
14212
14212
14122
14122
14122
14122
14122
14122
14067
14067
14067
14067
14067
14067
14067
14061
14061
14061
14061
14061
14045
14045
14010
14010
14010
14010
14010
14010
14010
14010
14010
14010
14010
14010
13929
13882
13882
13882
13882
13882
13882
13882
13882
13748
13748
13748
13748
13748
13748
13748
13748
13748
13748
13748
13748
13748
13748
13748
13748
13748
13748
13748
13748
13748
13712
13679
13679
13679
13679
13636
13636
13636
13636
13636
13636
13636
13636
13636
13636
13636
13636
13620
13620
13577
13305
13235
13235
13235
13235
13235
13235
13235
13235
13235
13235
13235
13235
13235
13235
13235
13235
13235
13235
13235
13235
13235
13235
13235
13235
13235
13235
13235
13235
13235
13235
13235
13192
13192
13192
13124
13077
13077
13077
13021
13021
13021
13021
13021
13021
13021
13021
13021
13021
12977
12977
12977
12977
12977
12977
12977
12977
12904
12904
12904
12904
12904
12904
12904
12904
12904
12904
12904
12904
12904
12904
12904
12884
12884
12884
12884
12884
12884
12884
12884
12840
12840
12840
12810
12810
12810
12797
12797
12757
12757
12757
12757
12757
12757
12757
12757
12727
12727
12692
12692
12692
12692
12678
12678
12678
12678
12678
12678
12678
12678
12678
12678
12658
12658
12658
12593
12593
12593
12593
12593
12593
12593
12593
12593
12593
12593
12593
12593
12593
12593
12593
12593
12593
12593
12593
12385
12385
12385
12385
12385
12385
12385
12385
12385
12385
12385
12385
12385
12385
12385
12385
12385
12385
12385
12385
12385
12385
12385
12385
12385
12385
12385
12385
12385
12385
12385
12385
12385
12385
12385
12385
12385
12385
12385
12385
12385
12385
12276
12276
12276
12276
12276
12276
12276
12276
12276
12276
12276
12276
12276
12276
12276
12276
12276
12276
12276
12276
12276
12161
12161
12161
12161
12161
12161
12116
12116
12116
12116
12116
12116
12116
12116
12116
12113
12113
12113
12113
12113
12113
12113
12113
12113
12113
12113
12113
12113
12109
12109
12109
12109
12109
12109
12109
12109
12109
12109
12109
12109
12109
12109
12109
12080
11982
11982
11982
11979
11979
11952
11883
11883
11883
11883
11883
11883
11883
11883
11883
11883
11883
11883
11883
11883
11883
11883
11883
11883
11883
11883
11883
11883
11883
11883
11883
11883
11883
11883
11883
11883
11883
11883
11792
11792
11792
11792
11792
сrossover3 mutate1 localImprove2
21140
21140
21140
21140
21140
21140
21140
21140
21140
21140
21140
21140
21140
21140
21140
21140
21140
21085
21085
21085
21085
21085
21085
21085
21085
21085
21085
20943
20943
20943
20779
20758
20758
20218
20218
20218
20218
20218
20218
20218
20218
20218
20218
20218
20218
20218
20050
20050
20050
20050
20050
20050
20050
19768
19768
19768
19768
19768
19768
19768
19768
19768
19768
19755
19755
19669
19669
19661
19661
19661
19661
19661
19661
19661
19661
19661
19661
19661
19661
19661
19661
19645
19633
19633
19633
19530
19463
19463
19404
19404
18977
18977
18977
18977
18977
18977
18977
18977
18930
18930
18930
18930
18930
18930
18930
18930
18930
18930
18930
18898
18898
18898
18895
18895
18833
18833
18833
18828
18701
18692
18692
18692
18692
18683
18683
18683
18668
18668
18668
18668
18668
18668
18668
18668
18564
18467
18467
18467
18411
18411
18140
18140
18140
18140
18140
18140
18122
18122
18122
18122
18122
18122
18122
18096
18096
18096
18096
18096
18096
18096
18096
18096
18096
18096
18096
18096
18080
18080
18080
17887
17887
17887
17887
17887
17887
17887
17887
17872
17872
17872
17872
17872
17872
17872
17872
17870
17797
17797
17797
17715
17715
17715
17612
17612
17612
17612
17612
17612
17612
17612
17612
17612
17612
17535
17535
17535
17535
17535
17535
17535
17535
17535
17535
17535
17535
17497
17497
17479
17479
17479
17479
17402
17402
17402
17402
17402
17402
17402
17402
17402
17402
17402
17402
17402
17402
17402
17402
17402
17402
17402
17402
17402
17402
17402
17402
17402
17195
17137
17137
17137
17137
17137
17137
17137
17137
17137
17137
17137
17137
17137
17137
17137
17137
17137
17137
17137
17137
17137
17137
17137
17137
17137
17137
17050
17050
17050
17050
17047
17047
17047
17047
16853
16853
16853
16853
16853
16853
16853
16853
16853
16846
16835
16835
16827
16827
16811
16798
16798
16798
16798
16798
16798
16798
16798
16798
16798
16760
16760
16760
16760
16673
16673
16673
16673
16673
16673
16673
16673
16673
16673
16673
16673
16673
16673
16673
16673
16673
16673
16673
16673
16673
16673
16673
16673
16673
16673
16673
16621
16621
16621
16608
16608
16520
16520
16469
16418
16418
16351
16351
16351
16351
16351
16351
16351
16351
16351
16351
16351
16351
16351
16237
16196
16196
16196
16196
16196
16196
16196
16196
16196
16196
16196
16196
16196
16196
16196
16196
16196
16196
16196
16196
16196
16196
16196
16196
16196
16196
16196
16196
16196
16144
16144
16144
16144
16144
16144
16019
16019
16019
16019
16019
16019
16019
16019
16019
16019
16019
16019
16019
16019
16019
16019
16019
16019
16019
16019
16019
16019
16019
16019
16019
16019
16019
16019
16019
16019
16019
16019
16019
16003
16003
16003
16003
16003
16003
16003
16003
16003
16003
16003
16003
16003
15994
15994
15994
15994
15994
15942
15942
15942
15942
15942
15921
15921
15878
15869
15869
15869
15869
15755
15755
15755
15755
15755
15755
15711
15711
15700
15700
15654
15654
15654
15654
15654
15654
15654
15654
15623
15623
15623
15623
15623
15623
15623
15571
15517
15517
15517
15517
15517
15517
15517
15517
15486
15486
15486
15486
15462
15462
15462
15462
15462
15462
15462
15462
15462
15462
15462
15462
15462
15462
15462
15462
15462
15462
15462
15462
15462
15462
15462
15462
15462
15462
15462
15462
15449
15449
15429
15429
15429
15429
15402
15402
15402
15402
15402
15402
15402
15402
15402
15402
15402
15402
15402
15402
15402
15402
15396
15396
15396
15396
15340
15340
15340
15340
15323
15323
15323
15323
15323
15323
15323
15323
15298
15298
15242
15242
15242
15215
15215
15204
15204
15204
15148
15148
15131
15131
15131
15131
15131
15131
15131
15121
15121
15121
15121
15121
15121
15121
15121
15121
15121
15121
15121
15121
15121
15121
15121
15121
15121
15121
15121
15121
15121
15121
15121
15121
15121
15121
15121
15121
15121
15121
15121
15121
15121
15121
15121
15121
15121
15121
15121
15121
15121
15121
15121
15121
15121
15121
15121
15121
15121
15121
15121
15084
15084
15084
15084
15084
15084
15084
15084
15084
15084
15067
15067
15043
15043
15013
15013
15013
15013
14987
14987
14987
14987
14987
14987
14987
14987
14987
14978
14978
14858
14858
14858
14858
14858
14858
14858
14854
14854
14854
14854
14854
14854
14854
14854
14854
14854
14854
14854
14854
14854
14854
14854
14854
14854
14854
14854
14854
14854
14854
14854
14854
14854
14854
14854
14854
14854
14854
14854
14854
14854
14854
14854
14854
14854
14854
14826
14826
14782
14782
14782
14782
14782
14782
14782
14782
14782
14746
14721
14721
14721
14721
14721
14721
14674
14657
14657
14657
14657
14657
14657
14657
14657
14657
14629
14629
14521
14521
14521
14521
14521
14521
14521
14521
14521
14454
14454
14454
14364
14364
14364
14364
14364
14364
14364
14364
14364
14364
14364
14364
14364
14312
14312
14312
14312
14312
14312
14312
14312
14312
14312
14312
14312
14312
14312
14312
14312
14312
14312
14299
14260
14260
14208
14105
14105
14105
14105
14105
14105
14105
14105
14105
14105
14105
14105
14060
14060
14060
14060
14060
13841
13841
13841
13841
13841
13841
13841
13841
13841
13841
13841
13841
13841
13841
13841
13841
13841
13841
13841
13841
13841
13841
13841
13841
13841
13841
13841
13841
13841
13841
13841
13841
13841
13841
13836
13836
13836
13836
13836
13836
13836
13836
13836
13815
13815
13815
13815
13788
13788
13788
13788
13786
13786
13786
13786
13786
13786
13786
13786
13786
13734
13734
13734
13734
13734
13734
13734
13734
13734
13734
13734
13734
13734
13734
13734
13734
13734
13671
13671
13671
13671
13671
13639
13639
13639
13639
13639
13639
13639
13639
13639
13639
13639
13639
13639
13639
13639
13639
13639
13591
13591
13591
13591
13591
13591
13591
13591
13591
13591
13591
13591
13591
13591
13591
13591
13591
13591
13591
13591
13591
13591
13591
13591
13591
13591
13591
13591
13591
13591
13580
13580
13580
13580
13580
13580
13580
13580
13580
13580
13580
13580
13580
13580
13580
13580
13580
13580
13580
13580
13580
13512
13512
13512
13512
13512
13512
13512
13512
13512
13512
13512
13512
13512
13512
13512
13512
13512
13482
13445
13445
13445
13420
13420
13420
13420
13420
13395
13395
13395
13395
13395
13395
13395
13395
13357
13357
13357
13357
13357
13357
13357
13357
13357
13357
13357
13357
13333
сrossover3 mutate2 localImprove2
