21170
21170
21170
21170
21170
21170
21170
21170
21170
21170
21170
21170
21170
21170
21170
20737
20369
20369
20369
20369
20369
20369
19703
19703
19703
19703
19703
19703
19703
19698
19698
19698
19698
19698
19698
19698
19698
19698
19698
19698
19698
19698
19698
19698
19698
19698
19698
19698
19698
19698
19698
19565
19545
19545
19545
19441
19328
19255
19255
19255
19236
19236
19217
19217
19161
19161
19106
19106
19106
19106
19106
19106
19106
19106
19106
18815
18815
18815
18815
18815
18815
18815
18815
18815
18815
18815
18815
18815
18815
18675
18675
18675
18425
18290
18290
18290
18177
18177
18177
18177
18144
18144
18144
18144
18144
18144
18144
18144
18144
18144
18144
18144
18144
18082
18082
18082
18002
18002
18002
18002
18002
18002
17899
17899
17899
17899
17899
17899
17899
17899
17899
17899
17899
17882
17882
17882
17882
17882
17882
17882
17882
17882
17882
17838
17831
17831
17831
17831
17771
17626
17626
17626
17626
17415
17415
17415
17415
17415
17415
17415
17415
17415
17415
17415
17415
17415
17415
17359
17359
17358
17358
17358
17358
17270
17270
17270
17270
17270
17270
17270
17270
17270
17226
17226
17226
17226
17226
17226
17226
17226
17226
17226
17226
17226
17226
17226
17226
17226
17226
17226
17197
17197
17197
17197
17197
17197
17197
17197
17146
17146
17146
16963
16963
16963
16963
16963
16963
16963
16963
16962
16962
16819
16819
16819
16819
16819
16819
16770
16770
16574
16574
16574
16574
16574
16574
16574
16574
16574
16574
16574
16574
16574
16451
16451
16451
16451
16451
16425
16425
16425
16425
16425
16418
16418
16414
16414
16414
16298
16298
16294
16294
16294
16294
16294
16294
16267
16267
16161
16160
16160
16124
16124
16124
16123
16123
16071
15949
15949
15949
15949
15949
15949
15949
15949
15949
15937
15937
15707
15697
15667
15594
15529
15421
15421
15421
15421
15421
15417
15417
15417
15344
15344
15344
15315
15315
15315
15315
15315
15249
15249
15226
15210
15210
15210
15210
15210
15210
15210
15210
15052
15052
15052
15052
15052
15052
15052
15052
15052
15052
15052
15052
15049
15049
15049
15049
15049
15040
15022
14991
14991
14985
14985
14985
14909
14909
14909
14909
14850
14821
14821
14821
14821
14821
14821
14821
14821
14821
14821
14821
14821
14821
14821
14821
14821
14821
14821
14821
14821
14777
14777
14777
14777
14498
14498
14498
14498
14498
14498
14498
14498
14498
14498
14498
14498
14464
14464
14464
14464
14464
14464
14464
14464
14464
14464
14464
14448
14448
14448
14423
14423
14423
14423
14423
14423
14423
14423
14423
14410
14410
14410
14326
14326
14326
14326
14326
14326
14326
14326
14326
14326
14326
14326
14326
14326
14326
14326
14326
14326
14326
14326
14326
14326
14326
14326
14303
14303
14303
14303
14303
14303
14303
14303
14303
14148
14148
14148
14148
14148
14148
14148
14148
14148
14148
14148
14148
14148
14148
14148
14148
14148
14148
14148
14148
14147
14140
14090
14090
14090
14090
14017
14017
14003
13960
13960
13959
13940
13940
13923
13923
13923
13845
13845
13802
13798
13798
13798
13798
13798
13798
13798
13798
13798
13798
13798
13798
13798
13798
13798
13757
13757
13757
13757
13757
13753
13753
13753
13753
13753
13753
13753
13753
13753
13735
13664
13664
13664
13660
13660
13660
13660
13660
13660
13660
13660
13660
13660
13660
13660
13660
13660
13660
13660
13618
13618
13618
13618
13618
13608
13608
13582
13582
13497
13497
13497
13497
13497
13497
13497
13470
13470
13470
13470
13470
13470
13470
13470
13470
13470
13470
13470
13470
13470
13470
13470
13470
13470
13470
13470
13470
13470
13470
13470
13470
13470
13470
13470
13470
13470
13470
13470
13470
13470
13470
13470
13470
13470
13470
13470
13470
13470
13470
13470
13470
13470
13461
13461
13461
13461
13461
13461
13461
13461
13461
13461
13461
13461
13461
13461
13461
13461
13461
13461
13461
13461
13461
13461
13461
13461
13461
13461
13461
13461
13461
13461
13461
13461
13461
13461
13461
13461
13461
13461
13461
13461
13461
13461
13461
13461
13461
13461
13461
13461
13461
13461
13461
13461
13461
13461
13461
13461
13461
13461
13461
13461
13461
13461
13461
13407
13407
13407
13407
13407
13407
13407
13407
13407
13407
13407
13382
13382
13382
13382
13382
13382
13382
13382
13382
13382
13382
13382
13382
13382
13382
13382
13382
13382
13382
13382
13382
13382
13382
13382
13382
13382
13382
13382
13382
13382
13382
13314
13314
13314
13299
13299
13299
13299
13299
13299
13299
13299
13299
13299
13290
13290
13290
13290
13290
13290
13290
13290
13290
13290
13290
13290
13290
13229
13229
13229
13229
13229
13229
13229
13229
13193
13193
13193
13193
13193
13193
13193
13193
13193
13193
13086
13013
13013
13013
13013
13013
13013
13013
13013
13013
13013
13013
13013
13013
13013
13013
13013
13013
13013
13013
13013
13013
13013
13013
13013
13013
13013
12981
12981
12981
12981
12981
12981
12981
12981
12981
12938
12938
12938
12938
12938
12938
12938
12938
12938
12938
12938
12938
12938
12938
12938
12938
12938
12938
12938
12938
12938
12936
12936
12936
12936
12936
12936
12936
12936
12936
12936
12936
12936
12936
12936
12936
12936
12936
12936
12936
12903
12903
12903
12903
12903
12903
12903
12903
12903
12903
12903
12903
12787
12787
12787
12787
12787
12787
12663
12663
12663
12663
12663
12663
12663
12663
12663
12663
12663
12663
12663
12663
12663
12663
12663
12663
12663
12660
12660
12660
12660
12660
12660
12660
12660
12609
12609
12609
12609
12609
12609
12609
12609
12609
12609
12609
12589
12589
12589
12561
12560
12560
12560
12519
12519
12519
12519
12519
12519
12519
12519
12519
12519
12519
12519
12519
12519
12519
12519
12519
12519
12519
12519
12519
12519
12519
12519
12519
12519
12519
12472
12472
12394
12394
12383
12379
12379
12379
12379
12379
12379
12379
12379
12379
12379
12224
12224
12224
12224
12224
12224
12224
12224
12224
12224
12224
12224
12224
12224
12224
12224
12224
12224
12224
12224
12224
12224
12224
12224
12224
12224
12224
12224
12224
12224
12224
12224
12201
12201
12201
12201
12201
12201
12201
12201
12201
12201
12201
12201
12201
12201
12201
12201
12201
12201
12201
12201
12201
12201
12201
12201
12183
12183
12183
12183
12183
12183
12183
12183
12183
12183
12183
12183
12183
12183
12183
12182
12182
12182
12182
12182
сrossover3 mutate2 localImprove2
21170
21170
21170
21170
21170
21128
21128
21128
21128
21128
21128
21128
21128
21128
21128
21012
21006
21006
21006
21006
20892
20702
20702
20596
20596
20596
20596
20596
20596
20596
20596
20596
20596
20596
20596
20596
20596
20596
20596
20596
20596
20596
20596
20480
20480
20480
20480
20392
20392
20339
20339
20061
20061
20061
20061
20061
20061
19876
19876
19876
19876
19876
19876
19876
19844
19844
19844
19844
19844
19768
19768
19768
19768
19768
19768
19768
19768
19768
19768
19768
19768
19768
19768
19768
19666
19666
19666
19666
19666
19525
19525
19525
19525
19525
19525
19525
19525
19525
19519
19519
19519
19519
19519
19519
19519
19519
19519
19470
19382
19382
19382
19382
19382
19382
19382
19382
19382
19382
19227
19227
19156
19008
19008
19008
19008
19008
19008
19008
19008
19008
18895
18895
18895
18895
18895
18895
18895
18895
18895
18895
18820
18820
18720
18720
18720
18720
18720
18720
18720
18622
18622
18622
18552
18552
18552
18552
18509
18509
18509
18509
18509
18509
18509
18509
18509
18509
18509
18509
18509
18509
18509
18509
18483
18425
18425
18425
18425
18425
18377
18377
18377
18174
18174
18174
18174
18174
18174
18174
18174
18174
18174
18174
18174
18174
18158
18158
18157
18157
18103
18103
18103
18103
18103
18103
18103
18078
18031
18031
18031
18009
18009
18009
18009
18009
18009
18009
18009
17981
17981
17981
17981
17947
17878
17878
17878
17641
17641
17641
17641
17641
17641
17641
17641
17641
17641
17641
17641
17583
17583
17432
17432
17432
17432
17432
17432
17432
17432
17432
17432
17432
17432
17432
17432
17432
17432
17432
17419
17387
17387
17387
17376
17376
17376
17376
17376
17366
17350
17350
17350
17350
17110
17110
17110
17110
17110
17110
17110
17110
17110
17110
17080
17080
17080
17080
17080
17062
17062
17062
17006
16936
16936
16936
16936
16936
16936
16936
16855
16855
16855
16784
16784
16784
16784
16784
16784
16784
16748
16748
16725
16725
16725
16725
16725
16725
16725
16724
16724
16719
16719
16719
16719
16588
16588
16588
16588
16588
16588
16588
16588
16588
16588
16393
16393
16393
16393
16393
16393
16393
16231
16231
16231
16231
16231
16231
16231
16207
16207
16207
16207
16207
16207
16207
16207
16207
16207
16207
16207
16207
16207
16207
16207
16207
16207
16207
16207
16207
16207
16207
16207
16207
16207
16100
16100
16100
16100
16100
16017
15939
15939
15939
15939
15939
15939
15939
15936
15936
15936
15936
15936
15936
15936
15936
15936
15911
15911
15911
15911
15911
15837
15837
15797
15797
15797
15797
15797
15690
15575
15450
15450
15450
15450
15450
15450
15450
15450
15450
15450
15450
15450
15450
15398
15398
15398
15327
15327
15327
15327
15327
15327
15327
15327
15294
15289
15209
15209
15209
15209
15209
15209
15209
15209
15209
15110
15044
15044
15044
15044
15044
15044
15044
15044
15044
15044
15044
14961
14941
14941
14941
14941
14941
14941
14941
14941
14895
14895
14895
14895
14895
14895
14895
14895
14895
14895
14786
14786
14786
14786
14786
14785
14650
14650
14650
14650
14650
14650
14650
14650
14650
14650
14650
14650
14650
14650
14649
14649
14649
14649
14649
14649
14648
14648
14648
14648
14648
14648
14648
14648
14630
14630
14630
14630
14630
14585
14538
14538
14538
14538
14538
14538
14538
14538
14538
14538
14538
14538
14538
14538
14538
14482
14482
14482
14482
14450
14450
14431
14386
14386
14350
14350
14350
14350
14350
14350
14350
14311
14311
14311
14311
14311
14311
14311
14311
14311
14215
14215
14215
14188
14188
14155
14155
14129
14075
14064
14064
14064
14064
14064
14064
14064
14064
14064
14064
14064
14064
14064
14064
14064
14064
14017
13710
13710
13710
13710
13710
13710
13710
13710
13661
13661
13661
13661
13661
13661
13661
13661
13661
13661
13661
13661
13661
13661
13661
13661
13661
13661
13661
13661
13661
13661
13661
13661
13661
13661
13661
13661
13579
13458
13458
13458
13427
13427
13383
13383
13383
13383
13383
13383
13383
13383
13383
13383
13383
13383
13383
13383
13383
13383
13383
13383
13383
13383
13383
13383
13383
13383
13383
13383
13383
13383
13383
13200
13200
13200
13181
13181
13181
13181
13181
13181
13105
13105
13105
13105
13105
13105
13105
13105
13105
13105
13105
13105
13105
13105
13105
13105
13105
13105
13105
13059
13059
13059
13052
13026
13026
13026
13019
13019
12994
12994
12994
12994
12994
12994
12994
12994
12994
12965
12872
12872
12862
12862
12862
12862
12862
12862
12862
12862
12862
12862
12862
12862
12862
12862
12862
12862
12862
12862
12862
12862
12862
12862
12860
12860
12860
12860
12860
12860
12860
12860
12860
12860
12860
12860
12850
12850
12850
12850
12757
12757
12757
12757
12720
12720
12720
12720
12720
12720
12720
12699
12699
12699
12699
12699
12699
12699
12699
12699
12699
12699
12699
12699
12699
12699
12699
12699
12699
12625
12621
12621
12621
12621
12621
12621
12621
12621
12621
12621
12621
12621
12621
12621
12621
12621
12621
12621
12621
12621
12621
12621
12621
12621
12621
12621
12621
12621
12621
12621
12621
12621
12621
12621
12621
12621
12621
12621
12621
12621
12621
12621
12621
12621
12621
12621
12621
12621
12621
12621
12621
12621
12621
12621
12621
12621
12621
12621
12621
12621
12621
12621
12568
12568
12568
12568
12568
12568
12568
12568
12568
12568
12568
12568
12568
12568
12568
12568
12568
12568
12568
12568
12523
12523
12523
12485
12485
12485
12485
12485
12485
12485
12485
12485
12485
12485
12485
12485
12485
12485
12485
12485
12485
12485
12485
12485
12485
12485
12482
12482
12482
12482
12482
12482
12482
12482
12450
12450
12450
12450
12450
12450
12450
12450
12450
12423
12423
12423
12423
12423
12423
12423
12423
12423
12423
12423
12423
12423
12423
12423
12423
12423
12423
12423
12423
12423
12423
12423
12423
12423
12423
12423
12423
12423
12349
12349
12349
12349
12349
12349
12349
12349
12259
12259
12259
12259
12259
12259
12259
12259
12259
12259
12259
12259
12259
12259
12259
12259
12259
12103
12103
12103
12103
12103
12103
12103
12103
12103
12103
12103
12103
12103
12103
12103
12103
12103
12078
12078
12078
12078
12078
12078
12078
12078
12078
12078
12038
12038
12038
12038
12038
12038
12038
12038
12038
12038
12038
12038
12038
12038
12038
12038
12021
12021
12021
12021
11992
11992
11992
11992
11992
11992
11992
15 percent
21170
21170
21170
21170
21170
21170
21170
21170
21170
21170
21170
21170
21170
21110
20973
20973
20973
20851
20851
20851
20794
20794
20794
20794
20794
20269
20269
20269
20269
20110
20110
20110
20110
20110
20110
20110
20110
20047
20047
20047
19870
19870
19779
19779
19779
19779
19779
19779
19779
19779
19779
19779
19779
19779
19671
19671
19671
19671
19671
19671
19470
19470
19470
19470
19470
19470
19470
19329
19329
19329
19329
19329
19299
19299
19284
19284
19284
19279
19279
19279
19279
19279
19279
19279
19263
19258
19050
18922
18922
18862
18708
18708
18580
18580
18580
18580
18580
18580
18580
18580
18580
18580
18580
18580
18580
18580
18580
18580
18580
18580
18448
18448
18448
18448
18448
18448
18448
18448
18448
18448
18448
18448
18448
18448
18448
18448
18448
18448
18448
18448
18448
18448
18383
18383
18383
18254
18254
18254
18254
18046
18046
18046
18046
18046
18046
18046
18046
18046
18030
17998
17998
17998
17998
17975
17975
17975
17956
17956
17956
17956
17729
17729
17729
17729
17522
17522
17522
17522
17522
17522
17522
17522
17522
17522
17522
17522
17473
17473
17473
17473
17473
17459
17459
17459
17459
17459
17459
17459
17459
17445
17445
17445
17391
17391
17391
17391
17391
17391
17391
17391
17391
17391
17202
17202
17090
17090
17090
17090
17090
17090
17090
17028
17028
17028
17028
17028
17028
17028
17028
17028
17028
17028
17028
17003
17003
17003
16980
16769
16769
16769
16769
16769
16769
16769
16769
16769
16769
16769
16769
16769
16769
16769
16769
16563
16563
16563
16563
16563
16563
16563
16563
16563
16563
16558
16490
16490
16490
16490
16490
16490
16490
16362
16362
16362
16362
16305
16305
16305
16305
16305
16300
16300
16300
16300
16300
16300
16258
16254
16254
16254
16254
16254
16254
16176
16139
16139
16134
16134
15970
15919
15919
15919
15919
15919
15919
15919
15919
15919
15919
15919
15919
15919
15919
15919
15919
15919
15919
15886
15886
15886
15886
15886
15886
15881
15881
15881
15881
15881
15774
15774
15774
15774
15761
15761
15741
15586
15586
15586
15586
15586
15434
15434
15434
15434
15434
15434
15434
15434
15434
15434
15434
15434
15434
15434
15352
15352
15344
15344
15344
15328
15328
15328
15328
15328
15328
15328
15328
15285
15285
15285
15285
15285
15285
15243
15243
15243
15243
15243
15243
15243
15243
15243
15243
15243
15243
15243
15243
15243
15243
15243
15194
15180
15180
15180
15180
15180
15180
15180
15154
15154
15124
15124
15067
15067
15067
15067
15067
15067
15067
14927
14927
14838
14838
14838
14838
14838
14838
14838
14838
14838
14838
14838
14838
14838
14838
14838
14838
14838
14838
14838
14838
14838
14838
14838
14838
14838
14838
14838
14838
14838
14838
14804
14804
14733
14733
14733
14733
14639
14548
14548
14548
14548
14548
14548
14548
14548
14409
14409
14409
14409
14409
14409
14409
14409
14409
14409
14409
14409
14296
14296
14296
14296
14296
14296
14296
14296
14296
14296
14296
14296
14296
14296
14296
14296
14296
14296
14296
14296
14296
14296
14296
14296
14296
14296
14296
14293
14293
14293
14293
14293
14293
14293
14237
14237
14172
14172
14172
14172
14172
14172
14172
14172
14081
14075
14075
14075
14075
14075
14075
14075
13958
13958
13958
13958
13958
13958
13958
13958
13958
13930
13901
13901
13901
13789
13789
13789
13789
13789
13789
13789
13789
13789
13789
13789
13789
13745
13745
13745
13745
13732
13732
13732
13620
13620
13620
13620
13620
13620
13620
13620
13620
13620
13620
13539
13539
13539
13539
13539
13539
13539
13539
13539
13526
13526
13526
13526
13526
13438
13438
13438
13438
13438
13373
13373
13373
13373
13373
13373
13373
13373
13328
13328
13328
13328
13328
13328
13328
13328
13328
13328
13328
13328
13328
13328
13328
13328
13328
13328
13328
13328
13328
13328
13328
13328
13285
13254
13254
13254
13254
13254
13254
13254
13254
13254
13254
13254
13254
13254
13254
13254
13254
13254
13254
13149
13149
13149
13149
13149
13149
13149
13149
13149
13149
13149
13149
13149
13149
13149
13149
13149
13149
13149
13149
13149
13149
13149
13149
13149
13149
13149
13149
13149
13149
13149
13149
13149
13149
13149
13149
13149
13149
13149
13149
13149
13149
13149
13106
13106
13083
13083
13024
13024
13024
13024
13024
13024
13024
13024
13024
13024
13024
13024
13024
13024
13024
13022
12996
12996
12996
12996
12996
12996
12996
12996
12996
12996
12996
12996
12996
12996
12996
12996
12996
12996
12996
12996
12996
12996
12996
12996
12996
12996
12996
12982
12982
12964
12964
12964
12964
12964
12964
12964
12964
12964
12964
12964
12964
12964
12964
12964
12964
12964
12964
12964
12964
12964
12964
12964
12964
12964
12964
12942
12942
12942
12942
12942
12942
12942
12942
12942
12942
12942
12942
12942
12942
12942
12942
12942
12942
12942
12942
12942
12942
12942
12932
12932
12932
12932
12932
12932
12932
12932
12932
12932
12932
12932
12932
12932
12932
12932
12932
12932
12932
12932
12932
12896
12896
12896
12896
12896
12896
12896
12896
12786
12786
12786
12786
12786
12786
12749
12749
12716
12634
12625
12625
12600
12600
12600
12600
12600
12600
12600
12600
12600
12600
12600
12600
12600
12600
12600
12600
12600
12600
12600
12600
12596
12583
12583
12560
12560
12560
12560
12560
12547
12547
12547
12517
12517
12517
12458
12423
12397
12397
12397
12397
12397
12397
12397
12397
12397
12397
12397
12397
12397
12397
12397
12397
12397
12397
12397
12397
12397
12397
12397
12397
12397
12397
12397
12397
12397
12397
12397
12397
12389
12389
12359
12359
12359
12359
12359
12359
12315
12315
12315
12315
12315
12315
12315
12315
12315
12315
12315
12315
12315
12315
12315
12315
12315
12315
12315
12315
12315
12315
12315
12315
12315
12308
12308
12308
12308
12308
12308
12308
12308
12308
12308
12308
12308
12308
12301
12301
12291
12291
12291
12291
12291
12291
12291
12291
12291
12291
12291
12279
12279
12279
12279
12261
12261
12261
12261
12261
12261
12244
12244
12244
12244
12216
12199
12199
12199
12199
12199
12199
12199
12199
12188
12188
12188
12188
12188
12188
12188
12188
12188
12188
12188
12188
12188
12188
12188
12188
12188
12188
12188
12188
12188
12179
12179
12179
12179
12179
12179
12179
12179
12179
12179
12179
12179
12179
12179
12179
12179
12179
12179
12179
12179
12179
12179
12179
12179
15 percent
21170
21107
21107
21107
21107
21107
20948
20829
20829
20829
20829
20829
20829
20829
20828
20828
20828
20294
20294
20294
20294
20085
20085
20085
20085
20085
20085
20085
19324
19324
19324
19145
19145
19145
19145
19145
19145
19145
19145
19145
19145
19145
19145
19145
19145
19145
19145
19055
19055
19055
19055
19055
19055
19055
19055
19055
19055
18944
18944
18944
18769
18769
18769
18769
18769
18769
18769
18769
18769
18769
18741
18741
18741
18741
18741
18741
18684
18684
18684
18684
18545
18545
18376
18376
18376
18293
18293
18293
18293
18293
18293
18293
18224
18224
18224
18114
18114
18110
18110
18110
18110
18036
18036
18036
17917
17917
17917
17860
17860
17860
17860
17860
17860
17860
17860
17829
17576
17576
17576
17576
17576
17524
17524
17524
17524
17524
17508
17508
17475
17475
17422
17422
17422
17422
17422
17422
17422
17422
17357
17254
17254
17254
17245
17245
17245
17245
17245
17245
17024
17024
17024
17024
17024
17024
16972
16972
16972
16972
16972
16913
16913
16913
16794
16758
16758
16758
16758
16758
16668
16668
16638
16638
16638
16548
16548
16490
16490
16490
16490
16490
16292
16292
16292
16292
16292
16292
16292
16292
16292
16292
16292
16292
16292
16292
16292
16292
16292
16199
16199
16199
16199
16199
16060
16060
15916
15916
15916
15916
15916
15916
15906
15906
15906
15906
15906
15906
15906
15906
15906
15906
15882
15882
15882
15882
15882
15882
15882
15882
15882
15882
15882
15882
15882
15826
15826
15826
15826
15826
15826
15826
15813
15762
15762
15762
15762
15755
15747
15747
15747
15747
15747
15747
15747
15747
15747
15747
15747
15747
15718
15718
15718
15718
15718
15709
15709
15709
15709
15709
15709
15709
15709
15709
15673
15673
15673
15673
15665
15598
15598
15598
15586
15524
15524
15524
15524
15524
15524
15423
15423
15423
15423
15423
15423
15423
15423
15423
15279
15275
15275
15275
15275
15275
15275
15275
15275
15275
15275
15275
15275
15275
15275
15275
15234
15234
15234
15234
15234
15234
15234
15234
15234
15234
15234
15195
15195
15189
15164
15164
15164
15164
15164
15164
15164
15164
15164
15164
15164
15164
15164
15164
15164
15150
15150
15139
15139
15043
15043
15043
15043
15043
15043
15043
15043
15043
15043
15043
14968
14968
14968
14968
14968
14968
14968
14968
14968
14953
14953
14953
14953
14953
14953
14869
14869
14827
14827
14827
14827
14827
14827
14827
14827
14827
14827
14827
14827
14827
14827
14827
14827
14827
14827
14815
14815
14815
14815
14815
14811
14811
14811
14811
14811
14811
14811
14811
14811
14811
14811
14811
14811
14667
14667
14667
14667
14667
14594
14594
14594
14594
14594
14594
14594
14594
14594
14594
14594
14594
14594
14594
14594
14594
14594
14594
14594
14594
14545
14545
14545
14545
14545
14545
14545
14545
14545
14545
14545
14476
14396
14396
14396
14396
14396
14396
14396
14396
14396
14396
14396
14396
14396
14396
14396
14396
14396
14396
14396
14323
14323
14323
14323
14323
14323
14323
14323
14323
14323
14323
14304
14304
14304
14304
14304
14304
14304
14304
14304
14304
14304
14257
14240
14240
14188
14135
14135
14135
14135
14135
14135
14135
14135
14135
14135
14135
14135
14135
14128
14128
14128
14128
14128
14128
14128
14128
14128
14128
14118
14118
14118
14073
14073
14073
14073
14073
14073
14073
13974
13974
13961
13961
13961
13961
13961
13961
13914
13914
13914
13822
13822
13822
13764
13764
13764
13764
13764
13712
13712
13712
13712
13712
13712
13712
13712
13712
13699
13699
13699
13699
13699
13699
13699
13699
13565
13565
13565
13565
13565
13565
13565
13565
13565
13565
13565
13565
13565
13386
13386
13386
13386
13386
13386
13386
13386
13386
13386
13370
13370
13275
13275
13275
13146
13146
13146
13146
13146
13146
13146
13146
13146
13146
13146
13146
13146
13146
13146
13146
13107
13107
13107
13107
13107
13107
13012
13012
13012
13012
13007
13007
13007
13007
13007
13007
13007
13007
13007
13007
13007
13007
13007
13007
13007
13007
13007
13007
13007
13007
12951
12951
12951
12752
12752
12752
12752
12752
12752
12752
12752
12639
12639
12639
12639
12432
12432
12432
12432
12432
12432
12432
12432
12432
12432
12432
12432
12432
12432
12432
12432
12432
12432
12432
12432
12432
12432
12432
12432
12432
12432
12408
12408
12408
12408
12408
12164
12164
12164
12164
12164
12164
12164
12164
12164
12164
12164
12164
12164
12164
12164
12164
12164
12164
12164
12164
12164
12164
12164
12164
12164
12164
12164
12164
12164
12164
12164
12164
12164
12164
12164
12164
12159
12145
12145
12145
12145
12145
12145
12145
12145
12145
12145
12145
12145
12145
12145
12145
12145
12145
12145
12145
12145
12145
12145
12145
12145
12145
12145
12145
12145
12145
12145
12145
12145
12145
12145
12145
12145
12145
12145
12132
12132
12132
12132
12132
12132
12132
12132
12132
12132
12132
12132
12132
12132
12132
12132
12132
12132
12132
12132
12132
12132
12132
12132
12132
12132
12132
12132
12132
12132
12132
12132
12132
12132
12132
12132
12132
12132
12132
12132
12132
12132
12132
12132
12132
12132
12132
12132
12132
12132
12132
12132
12132
12132
12132
12132
12132
12132
12132
12132
12132
12132
12132
12132
12132
12132
12132
12132
12132
12132
12132
12132
12132
12132
12132
12132
12132
12132
12132
12132
12132
12132
12132
12132
12132
12132
12132
12132
12132
12132
12132
12078
12078
12078
12078
12078
12078
12078
12078
12078
12078
12078
12064
12054
12051
12051
12051
12051
12051
12051
12051
12051
12043
12043
12043
12043
12043
12043
12043
12043
12043
12043
12043
12043
12043
12043
12043
12043
12043
12043
11978
11978
11978
11978
11978
11978
11978
11978
11978
11978
11978
11949
11946
11946
11946
11860
11860
11860
11860
11860
11860
11860
11860
11860
11860
11860
11860
11860
11860
11860
11860
11860
11860
11860
11860
11860
11860
11860
11860
11860
11860
11860
11860
11860
11860
11860
11860
11860
11860
11783
11783
11783
11783
11783
11783
11783
11783
11783
11783
11783
11783
11783
11783
11783
11696
11696
11696
11695
11695
11695
11695
11695
11695
11695
11695
11695
11695
11695
11695
11695
11695
11695
11695
11695
11695
11695
11695
11695
11695
11695
11695
11695
11695
11695
11695
11695
11695
11695
11695
11689
11689
11689
11689
11689
11689
11689
11689
11689
11689
11689
11689
11668
11668
11668
11668
adaptive percent
