21733
20842
20842
20842
20842
20842
20842
20338
20338
20338
20338
20338
20338
20338
20084
20084
20084
20084
20084
20084
20084
20084
20084
20084
20084
20084
20084
20084
20084
20084
20084
20084
20084
20084
20084
20084
20084
20084
20084
20084
20084
20084
20084
20084
20084
20084
20084
20084
20084
20084
сrossover1 mutate1 localImprove1
21733
21309
20939
20754
20754
20754
20754
20754
20754
20754
20754
20754
20754
20754
20754
20754
20754
20754
20754
20754
20754
20754
20754
20754
20754
20754
20754
20754
20754
20754
20754
20754
20754
20754
20754
20754
20754
20754
20754
20754
20754
20754
20754
20754
20754
20754
20754
20754
20754
20754
сrossover2 mutate1 localImprove1
21348
20882
19857
19848
19074
19065
18753
18540
18319
18319
18178
18074
18069
17936
17910
17807
17727
17558
17496
17466
17212
16923
16889
16797
16724
16628
16591
16252
16101
16042
15914
15867
15798
15798
15798
15798
15798
15711
15597
15511
15511
15478
15476
15476
15305
15285
15177
15163
15080
15080
сrossover3 mutate1 localImprove1
21733
20842
20842
20719
20719
20719
20642
20466
20466
20466
20466
20420
20420
20420
20420
20041
19986
19976
19891
19891
19712
19641
19632
19632
19631
19631
19542
19542
19357
19357
19356
19356
19348
19291
19291
19220
19220
19219
19154
19154
19085
19085
18661
18661
18661
18550
18512
18424
18424
18424
сrossover1 mutate2 localImprove1
21733
21486
21486
21402
21402
21402
21402
21402
21402
21402
21402
21402
21402
21402
21402
21402
21402
21402
21402
21402
21402
21402
21402
21402
21402
21402
21402
21402
21402
21402
21402
21402
21402
21402
21402
21402
21402
21402
21402
21402
21402
21402
21402
21402
21402
21402
21402
21402
21402
21402
сrossover2 mutate2 localImprove1
21348
20127
19874
19395
19257
18932
18657
18592
18429
18429
18373
18373
18138
18004
17988
17920
17628
17287
17188
17153
17077
16916
16619
16619
16491
16411
16369
16246
16246
16246
16166
16141
16097
16024
15954
15954
15821
15783
15610
15610
15537
15537
15537
15461
15461
15455
15443
15237
15206
15179
сrossover3 mutate2 localImprove1
21733
21210
21210
20637
20637
20444
20173
20092
19947
19918
19793
19793
19696
19605
19410
19410
19395
19358
19171
19047
18936
18934
18746
18734
18615
18245
18096
17950
17748
17569
17569
17458
17442
17321
17313
17214
17214
17122
17122
17122
17122
17016
16958
16768
16750
16632
16431
16431
16406
16212
сrossover1 mutate1 localImprove2
21733
21176
21176
21176
21176
21176
21176
21176
21176
21176
21176
21176
21176
21176
21176
21176
21176
21176
21176
21176
21176
21176
21176
21176
21176
21176
21176
21176
21176
21176
21176
21176
21176
21176
21176
21176
21176
21176
21176
21176
21176
21176
21176
21176
21176
21176
21176
21001
21001
21001
сrossover2 mutate1 localImprove2
21307
21175
20573
20101
19804
19194
18654
18244
17766
17625
17471
17047
16822
16707
16696
16259
16239
15992
15887
15887
15664
15602
15313
15289
15289
15203
14819
14819
14617
14548
14526
14489
14350
14218
14158
14045
13985
13772
13679
13280
13219
13013
12990
12853
12811
12685
12372
12358
12358
12267
сrossover3 mutate1 localImprove2
21733
20957
20957
20818
20456
20292
20292
20292
20292
20292
20292
20292
20292
20292
20292
20292
20292
20292
20292
20292
20292
20292
20292
20292
20292
20292
20292
20292
20292
20292
20292
20292
20292
20177
20177
20177
20177
20177
20177
20177
20177
20177
20177
20177
20177
20177
20177
20177
20177
20177
сrossover1 mutate2 localImprove2
21733
21535
21272
21272
21272
21272
21272
21272
21272
21272
21272
21272
21272
21272
21272
21272
21272
21272
21272
21272
21272
21272
21272
21272
21272
21272
21272
21272
21272
21272
21272
21272
21272
21272
21272
21272
21272
21272
21272
21272
21272
21272
21272
21272
21272
21272
21272
21272
21272
21272
сrossover2 mutate2 localImprove2
21348
20256
19821
18781
18439
18344
18076
17978
17759
17409
17290
17009
16453
16360
16095
15837
15757
15468
15167
14965
14837
14837
14647
14641
14633
14459
14459
14348
14348
14348
14061
14046
14004
13661
13521
13461
13449
13409
13261
13219
13020
13020
12822
12800
12725
12639
12491
12332
12286
12157
сrossover3 mutate2 localImprove2
